48.598785
48.598785
48.598785
48.600811
48.120934
48.124542
48.124542
48.630436
47.715576
46.320091
45.286613
44.65398
44.465702
43.942551
43.335289
42.933674
42.688599
41.706238
41.34602
41.436501
41.267376
41.453121
41.462822
41.562923
41.477825
41.40152
41.158329
40.546234
39.761967
39.910442
39.921799
39.420391
39.073662
38.802959
38.551872
38.156193
37.727116
37.34034
36.586884
36.324524
36.262562
36.100487
35.484573
35.381779
35.161034
34.976456
34.88945
34.791576
34.56588
34.393375
34.598927
34.421383
34.271301
34.076782
34.036606
33.716713
33.540668
33.293251
32.88736
32.588856
32.289585
31.870953
31.369619
30.876575
30.389254
29.894825
29.282455
28.852942
28.438675
27.957314
27.044146
26.537834
26.242006
25.452686
24.607637
23.828053
23.067352
22.018318
21.3878
20.564199
19.767456
19.071772
18.787376
17.960033
17.427259
17.182238
16.730209
16.404425
15.848538
15.703326
14.791685
14.297462
14.300098
13.992392
13.776495
13.551373
12.500745
12.254008
11.976976
11.443255
11.221597
10.30306
10.513
10.490854
8.2727156
8.2310066
8.0437202
6.8308191
5.9987149
5.4365621
5.0105443
4.2160344
3.5530102
2.9655316
2.3367507
1.8083411
1.6452842
1.2029153
0.86390793
0.91197318
0.80599356
0.94694644
0.82462543
1.0561451
1.1663672
1.4925604
1.6643748
1.6769383
2.1149707
2.6059947
3.1856143
3.2436283
3.7450161
3.7898514
4.4217591
4.7175808
5.3006701
5.6549525
6.4384332
8.2159748
8.5667677
8.9229679
8.8537321
10.36752
11.765252
12.088238
11.947834
12.13627
12.555944
12.630819
13.518744
14.205173
14.707367
15.180217
15.955476
15.861016
15.77505
15.95528
16.35663
16.246502
16.319107
15.739158
15.732112
15.683131
14.987657
14.508618
14.125084
14.103175
13.919281
13.719941
13.285959
13.333194
12.462872
12.619044
12.332507
11.904002
12.017402
11.816271
11.723097
11.441092
10.924468
10.870369
10.52063
10.054359
10.040194
9.2411919
9.0667477
8.9212656
8.7527027
8.7551088
8.2651224
8.1713991
8.103056
7.1960855
7.4605412
7.5166612
7.6385064
7.0848756
6.9062901
6.3784661
6.2296782
5.6533809
5.9073095
5.2340999
5.3128967
5.8216467
5.5104074
4.7946191
4.6804876
5.1442795
5.0595808
5.5772147
5.2868686
5.6682382
5.6504092
5.6233788
5.4518085
5.3531227
5.5185947
6.4740801
6.5242805
6.58673
6.7215858
6.0207396
6.4866452
6.6582527
6.6467681
7.746314
7.9713264
8.2342672
8.2196054
8.2264023
8.4438353
8.4837999
8.7952394
10.322513
10.696834
10.802747
11.067499
11.214856
11.80983
11.931064
12.702035
12.913116
13.431682
13.977683
14.913851
15.178791
15.663809
16.611252
17.067039
18.20212
18.83419
19.569412
20.026478
21.038565
21.426428
22.036736
22.475452
22.978466
23.786064
24.267174
24.97711
25.577009
26.185587
26.660471
27.025833
27.496252
27.930107
28.439358
28.977434
29.527534
30.087484
30.741024
31.269394
31.962931
32.667324
33.464436
34.064938
34.738094
35.719231
36.442196
37.143848
37.654991
38.359154
38.821465
39.54509
40.203159
40.390606
40.682617
41.565006
41.778732
41.947483
41.938972
42.786678
43.562828
44.005924
44.149719
43.973312
44.881802
44.865574
44.658905
44.46777
45.068302
45.287533
45.519688
45.055172
45.051773
45.272274
46.021515
46.018936
46.018936
46.609951
47.295563
47.294693
46.934505
46.934505
46.30056
46.608356
46.938595
46.298405
46.01593
46.015354
45.500515
45.748486
45.264015
45.040329
45.49707
45.49707
45.74667
46.01239
46.011768
46.604454
46.932198
47.682064
48.116253
47.288292
48.113773
48.110989
48.110989
48.110989
48.109554
48.591934
48.590317
48.588711
48.105137
48.105137
48.104412
49.138958
49.138958
